> Constructing triangle mesh...
> point: 9 , edge: 16 , tri: 8
> Load Gauss point...
> load res/gauss/gauss3.npy
> Init Matrix A, F, U...
> Assembly Matrix F...
> Assembly Matrix A...
> Apply Boundary Conditions...
> Solve Matrix U...
> Matrix A=
 [[ 1.  0.  0.  0.  0.  0.  0.  0.  0.]
 [ 0.  1.  0.  0.  0.  0.  0.  0.  0.]
 [ 0.  0.  1.  0.  0.  0.  0.  0.  0.]
 [ 0.  0.  0.  1.  0.  0.  0.  0.  0.]
 [ 0. -2.  0. -2.  8. -2.  0. -2.  0.]
 [ 0.  0.  0.  0.  0.  1.  0.  0.  0.]
 [ 0.  0.  0.  0.  0.  0.  1.  0.  0.]
 [ 0.  0.  0.  0.  0.  0.  0.  1.  0.]
 [ 0.  0.  0.  0.  0.  0.  0.  0.  1.]]
> Matrix F=
 [0.         0.         0.         0.         6.66139414 0.
 0.         0.         0.        ]
> Solution U=
 [ 0.         -0.          0.          0.          0.83267427  0.
  0.          0.          0.        ]
> Exact Solution U=
 [0.0, 0.0, 0.0, 0.0, 1.0, 1.2246467991473532e-16, 0.0, 1.2246467991473532e-16, 1.4997597826618576e-32]
> L2Error = 0.3336632375743195


> Constructing triangle mesh...
> point: 25 , edge: 64 , tri: 32
> Load Gauss point...
> load res/gauss/gauss3.npy
> Init Matrix A, F, U...
> Assembly Matrix F...
> Assembly Matrix A...
> Apply Boundary Conditions...
> Solve Matrix U...
> Matrix A=
 [[ 1.  0.  0.  0.  0.  0.  0.  0.  0.  0.  0.  0.  0.  0.  0.  0.  0.  0.
   0.  0.  0.  0.  0.  0.  0.]
 [ 0.  1.  0.  0.  0.  0.  0.  0.  0.  0.  0.  0.  0.  0.  0.  0.  0.  0.
   0.  0.  0.  0.  0.  0.  0.]
 [ 0.  0.  1.  0.  0.  0.  0.  0.  0.  0.  0.  0.  0.  0.  0.  0.  0.  0.
   0.  0.  0.  0.  0.  0.  0.]
 [ 0.  0.  0.  1.  0.  0.  0.  0.  0.  0.  0.  0.  0.  0.  0.  0.  0.  0.
   0.  0.  0.  0.  0.  0.  0.]
 [ 0.  0.  0.  0.  1.  0.  0.  0.  0.  0.  0.  0.  0.  0.  0.  0.  0.  0.
   0.  0.  0.  0.  0.  0.  0.]
 [ 0.  0.  0.  0.  0.  1.  0.  0.  0.  0.  0.  0.  0.  0.  0.  0.  0.  0.
   0.  0.  0.  0.  0.  0.  0.]
 [ 0. -2.  0.  0.  0. -2.  8. -2.  0.  0.  0. -2.  0.  0.  0.  0.  0.  0.
   0.  0.  0.  0.  0.  0.  0.]
 [ 0.  0. -2.  0.  0.  0. -2.  8. -2.  0.  0.  0. -2.  0.  0.  0.  0.  0.
   0.  0.  0.  0.  0.  0.  0.]
 [ 0.  0.  0. -2.  0.  0.  0. -2.  8. -2.  0.  0.  0. -2.  0.  0.  0.  0.
   0.  0.  0.  0.  0.  0.  0.]
 [ 0.  0.  0.  0.  0.  0.  0.  0.  0.  1.  0.  0.  0.  0.  0.  0.  0.  0.
   0.  0.  0.  0.  0.  0.  0.]
 [ 0.  0.  0.  0.  0.  0.  0.  0.  0.  0.  1.  0.  0.  0.  0.  0.  0.  0.
   0.  0.  0.  0.  0.  0.  0.]
 [ 0.  0.  0.  0.  0.  0. -2.  0.  0.  0. -2.  8. -2.  0.  0.  0. -2.  0.
   0.  0.  0.  0.  0.  0.  0.]
 [ 0.  0.  0.  0.  0.  0.  0. -2.  0.  0.  0. -2.  8. -2.  0.  0.  0. -2.
   0.  0.  0.  0.  0.  0.  0.]
 [ 0.  0.  0.  0.  0.  0.  0.  0. -2.  0.  0.  0. -2.  8. -2.  0.  0.  0.
  -2.  0.  0.  0.  0.  0.  0.]
 [ 0.  0.  0.  0.  0.  0.  0.  0.  0.  0.  0.  0.  0.  0.  1.  0.  0.  0.
   0.  0.  0.  0.  0.  0.  0.]
 [ 0.  0.  0.  0.  0.  0.  0.  0.  0.  0.  0.  0.  0.  0.  0.  1.  0.  0.
   0.  0.  0.  0.  0.  0.  0.]
 [ 0.  0.  0.  0.  0.  0.  0.  0.  0.  0.  0. -2.  0.  0.  0. -2.  8. -2.
   0.  0.  0. -2.  0.  0.  0.]
 [ 0.  0.  0.  0.  0.  0.  0.  0.  0.  0.  0.  0. -2.  0.  0.  0. -2.  8.
  -2.  0.  0.  0. -2.  0.  0.]
 [ 0.  0.  0.  0.  0.  0.  0.  0.  0.  0.  0.  0.  0. -2.  0.  0.  0. -2.
   8. -2.  0.  0.  0. -2.  0.]
 [ 0.  0.  0.  0.  0.  0.  0.  0.  0.  0.  0.  0.  0.  0.  0.  0.  0.  0.
   0.  1.  0.  0.  0.  0.  0.]
 [ 0.  0.  0.  0.  0.  0.  0.  0.  0.  0.  0.  0.  0.  0.  0.  0.  0.  0.
   0.  0.  1.  0.  0.  0.  0.]
 [ 0.  0.  0.  0.  0.  0.  0.  0.  0.  0.  0.  0.  0.  0.  0.  0.  0.  0.
   0.  0.  0.  1.  0.  0.  0.]
 [ 0.  0.  0.  0.  0.  0.  0.  0.  0.  0.  0.  0.  0.  0.  0.  0.  0.  0.
   0.  0.  0.  0.  1.  0.  0.]
 [ 0.  0.  0.  0.  0.  0.  0.  0.  0.  0.  0.  0.  0.  0.  0.  0.  0.  0.
   0.  0.  0.  0.  0.  1.  0.]
 [ 0.  0.  0.  0.  0.  0.  0.  0.  0.  0.  0.  0.  0.  0.  0.  0.  0.  0.
   0.  0.  0.  0.  0.  0.  1.]]
> Matrix F=
 [0.         0.         0.         0.         0.         0.
 1.1718037  1.57583166 1.05675881 0.         0.         1.57583166
 2.22856251 1.57583166 0.         0.         1.05675881 1.57583166
 1.1718037  0.         0.         0.         0.         0.
 0.        ]
> Solution U=
 [ 0.00000000e+00 -0.00000000e+00  3.33066907e-16 -1.11022302e-16
  0.00000000e+00  0.00000000e+00  4.82739577e-01  6.72528230e-01
  4.68358967e-01  0.00000000e+00 -0.00000000e+00  6.72528230e-01
  9.51098543e-01  6.72528230e-01  0.00000000e+00  1.80696361e-16
  4.68358967e-01  6.72528230e-01  4.82739577e-01  0.00000000e+00
  0.00000000e+00  0.00000000e+00  0.00000000e+00  0.00000000e+00
  0.00000000e+00]
> Exact Solution U=
 [0.0, 0.0, 0.0, 0.0, 0.0, 0.0, 0.5000000000000001, 0.7071067811865476, 0.5000000000000001, 8.659560562354934e-17, 0.0, 0.7071067811865476, 1.0, 0.7071067811865476, 1.2246467991473532e-16, 0.0, 0.5000000000000001, 0.7071067811865476, 0.5000000000000001, 8.659560562354934e-17, 0.0, 8.659560562354934e-17, 1.2246467991473532e-16, 8.659560562354934e-17, 1.4997597826618576e-32]
> L2Error = 0.10742836489850027



> Constructing triangle mesh...
> point: 81 , edge: 256 , tri: 128
> Load Gauss point...
> load res/gauss/gauss3.npy
> Init Matrix A, F, U...
> Assembly Matrix F...
> Assembly Matrix A...
> Apply Boundary Conditions...
> Solve Matrix U...
> Matrix A=
 [[1. 0. 0. ... 0. 0. 0.]
 [0. 1. 0. ... 0. 0. 0.]
 [0. 0. 1. ... 0. 0. 0.]
 ...
 [0. 0. 0. ... 1. 0. 0.]
 [0. 0. 0. ... 0. 1. 0.]
 [0. 0. 0. ... 0. 0. 1.]]
> Matrix F=
 [0.         0.         0.         0.         0.         0.
 0.         0.         0.         0.         0.09465252 0.16774714
 0.21530378 0.23008238 0.20983301 0.15763848 0.08144491 0.
 0.         0.16774714 0.30448553 0.39486876 0.4251368  0.39068161
 0.29674869 0.15763848 0.         0.         0.21530378 0.39486876
 0.51431854 0.55546799 0.51205248 0.39068161 0.20983301 0.
 0.         0.23008238 0.4251368  0.55546799 0.60123423 0.55546799
 0.4251368  0.23008238 0.         0.         0.20983301 0.39068161
 0.51205248 0.55546799 0.51431854 0.39486876 0.21530378 0.
 0.         0.15763848 0.29674869 0.39068161 0.4251368  0.39486876
 0.30448553 0.16774714 0.         0.         0.08144491 0.15763848
 0.20983301 0.23008238 0.21530378 0.16774714 0.09465252 0.
 0.         0.         0.         0.         0.         0.
 0.         0.         0.        ]
> Solution U=
 [ 0.00000000e+00 -0.00000000e+00  1.11022302e-16 -0.00000000e+00
 -1.11022302e-16 -5.55111512e-17 -1.11022302e-16  5.55111512e-17
  0.00000000e+00  0.00000000e+00  1.46341841e-01  2.69020553e-01
  3.50181697e-01  3.77826071e-01  3.47949849e-01  2.65306200e-01
  1.42833714e-01  0.00000000e+00 -0.00000000e+00  2.69020553e-01
  4.95685105e-01  6.46228274e-01  6.98131547e-01  6.43750620e-01
  4.91621997e-01  2.65306200e-01  0.00000000e+00 -0.00000000e+00
  3.50181697e-01  6.46228274e-01  8.43480367e-01  9.12152824e-01
  8.41958282e-01  6.43750620e-01  3.47949849e-01  0.00000000e+00
 -0.00000000e+00  3.77826071e-01  6.98131547e-01  9.12152824e-01
  9.87307102e-01  9.12152824e-01  6.98131547e-01  3.77826071e-01
  0.00000000e+00 -0.00000000e+00  3.47949849e-01  6.43750620e-01
  8.41958282e-01  9.12152824e-01  8.43480367e-01  6.46228274e-01
  3.50181697e-01  0.00000000e+00 -0.00000000e+00  2.65306200e-01
  4.91621997e-01  6.43750620e-01  6.98131547e-01  6.46228274e-01
  4.95685105e-01  2.69020553e-01  0.00000000e+00 -0.00000000e+00
  1.42833714e-01  2.65306200e-01  3.47949849e-01  3.77826071e-01
  3.50181697e-01  2.69020553e-01  1.46341841e-01  0.00000000e+00
  0.00000000e+00  0.00000000e+00  0.00000000e+00  0.00000000e+00
  0.00000000e+00  0.00000000e+00  0.00000000e+00  0.00000000e+00
  0.00000000e+00]
> Exact Solution U=
 [0.0, 0.0, 0.0, 0.0, 0.0, 0.0, 0.0, 0.0, 0.0, 0.0, 0.14644660940672624, 0.2705980500730985, 0.3535533905932738, 0.3826834323650898, 0.3535533905932738, 0.2705980500730985, 0.1464466094067263, 4.6865204053262986e-17, 0.0, 0.2705980500730985, 0.5000000000000001, 0.6532814824381883, 0.7071067811865476, 0.6532814824381883, 0.5000000000000001, 0.2705980500730986, 8.659560562354934e-17, 0.0, 0.3535533905932738, 0.6532814824381883, 0.8535533905932737, 0.9238795325112867, 0.8535533905932737, 0.6532814824381883, 0.35355339059327384, 1.1314261122877003e-16, 0.0, 0.3826834323650898, 0.7071067811865476, 0.9238795325112867, 1.0, 0.9238795325112867, 0.7071067811865476, 0.3826834323650899, 1.2246467991473532e-16, 0.0, 0.3535533905932738, 0.6532814824381883, 0.8535533905932737, 0.9238795325112867, 0.8535533905932737, 0.6532814824381883, 0.35355339059327384, 1.1314261122877003e-16, 0.0, 0.2705980500730985, 0.5000000000000001, 0.6532814824381883, 0.7071067811865476, 0.6532814824381883, 0.5000000000000001, 0.2705980500730986, 8.659560562354934e-17, 0.0, 0.1464466094067263, 0.2705980500730986, 0.35355339059327384, 0.3826834323650899, 0.35355339059327384, 0.2705980500730986, 0.14644660940672632, 4.6865204053263e-17, 0.0, 4.6865204053262986e-17, 8.659560562354934e-17, 1.1314261122877003e-16, 1.2246467991473532e-16, 1.1314261122877003e-16, 8.659560562354934e-17, 4.6865204053263e-17, 1.4997597826618576e-32]
> L2Error = 0.028863378482441915



> Constructing triangle mesh...
> point: 289 , edge: 1024 , tri: 512
> Load Gauss point...
> load res/gauss/gauss3.npy
> Init Matrix A, F, U...
> Assembly Matrix F...
> Assembly Matrix A...
> Apply Boundary Conditions...
> Solve Matrix U...
> Matrix A=
 [[1. 0. 0. ... 0. 0. 0.]
 [0. 1. 0. ... 0. 0. 0.]
 [0. 0. 1. ... 0. 0. 0.]
 ...
 [0. 0. 0. ... 1. 0. 0.]
 [0. 0. 0. ... 0. 1. 0.]
 [0. 0. 0. ... 0. 0. 1.]]
> Matrix F=
 [0.         0.         0.         0.         0.         0.
 0.         0.         0.         0.         0.         0.
 0.         0.         0.         0.         0.         0.
 0.0063055  0.0118857  0.01700914 0.02147892 0.02512329 0.02780217
 0.02941264 0.0298928  0.02922419 0.02743251 0.02458662 0.02079588
 0.01620596 0.01099326 0.00535809 0.         0.         0.0118857
 0.02285968 0.03295517 0.04178421 0.04900751 0.05434747 0.0575989
 0.05863683 0.05742138 0.05399926 0.04850198 0.04114079 0.03219859
 0.02201901 0.01099326 0.         0.         0.01700914 0.03295517
 0.04763475 0.06048375 0.0710084  0.07880423 0.08357166 0.08512748
 0.0834119  0.07849085 0.07055343 0.05990469 0.04695384 0.03219859
 0.01620596 0.         0.         0.02147892 0.04178421 0.06048375
 0.07685894 0.09028048 0.10023259 0.10633282 0.10834673 0.10619695
 0.09996607 0.08989356 0.07636649 0.05990469 0.04114079 0.02079588
 0.         0.         0.02512329 0.04900751 0.0710084  0.09028048
 0.10608312 0.11780906 0.12500766 0.12740228 0.12490091 0.11759966
 0.10577913 0.08989356 0.07055343 0.04850198 0.02458662 0.
 0.         0.02780217 0.05434747 0.07880423 0.10023259 0.11780906
 0.1308582  0.13887853 0.14156183 0.13880499 0.13071396 0.11759966
 0.09996607 0.07849085 0.05399926 0.02743251 0.         0.
 0.02941264 0.0575989  0.08357166 0.10633282 0.12500766 0.13887853
 0.14741237 0.15028124 0.14737488 0.13880499 0.12490091 0.10619695
 0.0834119  0.05742138 0.02922419 0.         0.         0.0298928
 0.05863683 0.08512748 0.10834673 0.12740228 0.14156183 0.15028124
 0.15322542 0.15028124 0.14156183 0.12740228 0.10834673 0.08512748
 0.05863683 0.0298928  0.         0.         0.02922419 0.05742138
 0.0834119  0.10619695 0.12490091 0.13880499 0.14737488 0.15028124
 0.14741237 0.13887853 0.12500766 0.10633282 0.08357166 0.0575989
 0.02941264 0.         0.         0.02743251 0.05399926 0.07849085
 0.09996607 0.11759966 0.13071396 0.13880499 0.14156183 0.13887853
 0.1308582  0.11780906 0.10023259 0.07880423 0.05434747 0.02780217
 0.         0.         0.02458662 0.04850198 0.07055343 0.08989356
 0.10577913 0.11759966 0.12490091 0.12740228 0.12500766 0.11780906
 0.10608312 0.09028048 0.0710084  0.04900751 0.02512329 0.
 0.         0.02079588 0.04114079 0.05990469 0.07636649 0.08989356
 0.09996607 0.10619695 0.10834673 0.10633282 0.10023259 0.09028048
 0.07685894 0.06048375 0.04178421 0.02147892 0.         0.
 0.01620596 0.03219859 0.04695384 0.05990469 0.07055343 0.07849085
 0.0834119  0.08512748 0.08357166 0.07880423 0.0710084  0.06048375
 0.04763475 0.03295517 0.01700914 0.         0.         0.01099326
 0.02201901 0.03219859 0.04114079 0.04850198 0.05399926 0.05742138
 0.05863683 0.0575989  0.05434747 0.04900751 0.04178421 0.03295517
 0.02285968 0.0118857  0.         0.         0.00535809 0.01099326
 0.01620596 0.02079588 0.02458662 0.02743251 0.02922419 0.0298928
 0.02941264 0.02780217 0.02512329 0.02147892 0.01700914 0.0118857
 0.0063055  0.         0.         0.         0.         0.
 0.         0.         0.         0.         0.         0.
 0.         0.         0.         0.         0.         0.
 0.        ]
> Solution U=
 [ 0.00000000e+00 -0.00000000e+00  6.93889390e-17 -6.93889390e-17
 -2.77555756e-17  2.77555756e-17 -0.00000000e+00  1.66533454e-16
 -8.32667268e-17  5.55111512e-17  8.32667268e-17  2.77555756e-17
 -2.77555756e-17 -0.00000000e+00  1.38777878e-17 -2.77555756e-17
  0.00000000e+00  0.00000000e+00  3.81509182e-02  7.47254607e-02
  1.08370689e-01  1.37818335e-01  1.61949958e-01  1.79846034e-01
  1.90823932e-01  1.94465477e-01  1.90633823e-01  1.79479314e-01
  1.61434311e-01  1.37197380e-01  1.07707772e-01  7.41119716e-02
  3.77257469e-02  0.00000000e+00 -0.00000000e+00  7.47254607e-02
  1.46437386e-01  2.12434391e-01  2.70213231e-01  3.17573820e-01
  3.52709159e-01  3.74277896e-01  3.81457755e-01  3.73978406e-01
  3.52132865e-01  3.16767243e-01  2.69249499e-01  2.11418756e-01
  1.45517740e-01  7.41119716e-02  0.00000000e+00 -0.00000000e+00
  1.08370689e-01  2.12434391e-01  3.08238677e-01  3.92134275e-01
  4.60919178e-01  5.11965150e-01  5.43321288e-01  5.53790825e-01
  5.42978490e-01  5.11306867e-01  4.60001307e-01  3.91044220e-01
  3.07100718e-01  2.11418756e-01  1.07707772e-01  0.00000000e+00
 -0.00000000e+00  1.37818335e-01  2.70213231e-01  3.92134275e-01
  4.98924138e-01  5.86499268e-01  6.51508858e-01  6.91465450e-01
  7.04842024e-01  6.91131914e-01  6.50869381e-01  5.85610181e-01
  4.97873011e-01  3.91044220e-01  2.69249499e-01  1.37197380e-01
  0.00000000e+00 -0.00000000e+00  1.61949958e-01  3.17573820e-01
  4.60919178e-01  5.86499268e-01  6.89504660e-01  7.65989271e-01
  8.13023223e-01  8.28806539e-01  8.12739285e-01  7.65445526e-01
  6.88750244e-01  5.85610181e-01  4.60001307e-01  3.16767243e-01
  1.61434311e-01  0.00000000e+00 -0.00000000e+00  1.79846034e-01
  3.52709159e-01  5.11965150e-01  6.51508858e-01  7.65989271e-01
  8.51015812e-01  9.03327804e-01  9.20920485e-01  9.03122707e-01
  8.50623361e-01  7.65445526e-01  6.50869381e-01  5.11306867e-01
  3.52132865e-01  1.79479314e-01  0.00000000e+00 -0.00000000e+00
  1.90823932e-01  3.74277896e-01  5.43321288e-01  6.91465450e-01
  8.13023223e-01  9.03327804e-01  9.58912434e-01  9.77643972e-01
  9.58805200e-01  9.03122707e-01  8.12739285e-01  6.91131914e-01
  5.42978490e-01  3.73978406e-01  1.90633823e-01  0.00000000e+00
 -0.00000000e+00  1.94465477e-01  3.81457755e-01  5.53790825e-01
  7.04842024e-01  8.28806539e-01  9.20920485e-01  9.77643972e-01
  9.96797150e-01  9.77643972e-01  9.20920485e-01  8.28806539e-01
  7.04842024e-01  5.53790825e-01  3.81457755e-01  1.94465477e-01
  0.00000000e+00 -0.00000000e+00  1.90633823e-01  3.73978406e-01
  5.42978490e-01  6.91131914e-01  8.12739285e-01  9.03122707e-01
  9.58805200e-01  9.77643972e-01  9.58912434e-01  9.03327804e-01
  8.13023223e-01  6.91465450e-01  5.43321288e-01  3.74277896e-01
  1.90823932e-01  0.00000000e+00 -0.00000000e+00  1.79479314e-01
  3.52132865e-01  5.11306867e-01  6.50869381e-01  7.65445526e-01
  8.50623361e-01  9.03122707e-01  9.20920485e-01  9.03327804e-01
  8.51015812e-01  7.65989271e-01  6.51508858e-01  5.11965150e-01
  3.52709159e-01  1.79846034e-01  0.00000000e+00 -0.00000000e+00
  1.61434311e-01  3.16767243e-01  4.60001307e-01  5.85610181e-01
  6.88750244e-01  7.65445526e-01  8.12739285e-01  8.28806539e-01
  8.13023223e-01  7.65989271e-01  6.89504660e-01  5.86499268e-01
  4.60919178e-01  3.17573820e-01  1.61949958e-01  0.00000000e+00
 -0.00000000e+00  1.37197380e-01  2.69249499e-01  3.91044220e-01
  4.97873011e-01  5.85610181e-01  6.50869381e-01  6.91131914e-01
  7.04842024e-01  6.91465450e-01  6.51508858e-01  5.86499268e-01
  4.98924138e-01  3.92134275e-01  2.70213231e-01  1.37818335e-01
  0.00000000e+00 -0.00000000e+00  1.07707772e-01  2.11418756e-01
  3.07100718e-01  3.91044220e-01  4.60001307e-01  5.11306867e-01
  5.42978490e-01  5.53790825e-01  5.43321288e-01  5.11965150e-01
  4.60919178e-01  3.92134275e-01  3.08238677e-01  2.12434391e-01
  1.08370689e-01  0.00000000e+00 -0.00000000e+00  7.41119716e-02
  1.45517740e-01  2.11418756e-01  2.69249499e-01  3.16767243e-01
  3.52132865e-01  3.73978406e-01  3.81457755e-01  3.74277896e-01
  3.52709159e-01  3.17573820e-01  2.70213231e-01  2.12434391e-01
  1.46437386e-01  7.47254607e-02  0.00000000e+00 -0.00000000e+00
  3.77257469e-02  7.41119716e-02  1.07707772e-01  1.37197380e-01
  1.61434311e-01  1.79479314e-01  1.90633823e-01  1.94465477e-01
  1.90823932e-01  1.79846034e-01  1.61949958e-01  1.37818335e-01
  1.08370689e-01  7.47254607e-02  3.81509182e-02  0.00000000e+00
  0.00000000e+00  0.00000000e+00  0.00000000e+00  0.00000000e+00
  0.00000000e+00  0.00000000e+00  0.00000000e+00  0.00000000e+00
  0.00000000e+00  0.00000000e+00  0.00000000e+00  0.00000000e+00
  0.00000000e+00  0.00000000e+00  0.00000000e+00  0.00000000e+00
  0.00000000e+00]
> Exact Solution U=
 [0.0, 0.0, 0.0, 0.0, 0.0, 0.0, 0.0, 0.0, 0.0, 0.0, 0.0, 0.0, 0.0, 0.0, 0.0, 0.0, 0.0, 0.0, 0.03806023374435662, 0.0746578340503426, 0.1083863756623696, 0.1379496896414715, 0.16221167441072887, 0.18023995550173696, 0.19134171618254486, 0.19509032201612825, 0.19134171618254486, 0.18023995550173696, 0.16221167441072887, 0.1379496896414715, 0.1083863756623696, 0.07465783405034263, 0.038060233744356686, 2.3891673840167787e-17, 0.0, 0.0746578340503426, 0.14644660940672624, 0.2126075236918141, 0.2705980500730985, 0.31818964514320847, 0.3535533905932738, 0.37533027751786524, 0.3826834323650898, 0.37533027751786524, 0.3535533905932738, 0.3181896451432085, 0.2705980500730985, 0.2126075236918141, 0.1464466094067263, 0.07465783405034274, 4.6865204053262986e-17, 0.0, 0.1083863756623696, 0.2126075236918141, 0.3086582838174551, 0.39284747919355106, 0.4619397662556433, 0.5132799671593367, 0.5448951067758185, 0.5555702330196022, 0.5448951067758185, 0.5132799671593367, 0.4619397662556434, 0.39284747919355106, 0.3086582838174551, 0.21260752369181415, 0.10838637566236979, 6.80377307569005e-17, 0.0, 0.1379496896414715, 0.2705980500730985, 0.39284747919355106, 0.5000000000000001, 0.5879378012096794, 0.6532814824381883, 0.6935199226610738, 0.7071067811865476, 0.6935199226610738, 0.6532814824381883, 0.5879378012096794, 0.5000000000000001, 0.39284747919355106, 0.2705980500730986, 0.13794968964147175, 8.659560562354934e-17, 0.0, 0.16221167441072887, 0.31818964514320847, 0.4619397662556433, 0.5879378012096794, 0.6913417161825449, 0.7681777567114163, 0.8154931568489171, 0.8314696123025452, 0.8154931568489171, 0.7681777567114163, 0.691341716182545, 0.5879378012096794, 0.4619397662556433, 0.3181896451432086, 0.16221167441072917, 1.0182565992946028e-16, 0.0, 0.18023995550173696, 0.3535533905932738, 0.5132799671593367, 0.6532814824381883, 0.7681777567114163, 0.8535533905932737, 0.9061274463528878, 0.9238795325112867, 0.9061274463528878, 0.8535533905932737, 0.7681777567114164, 0.6532814824381883, 0.5132799671593367, 0.35355339059327384, 0.1802399555017373, 1.1314261122877003e-16, 0.0, 0.19134171618254486, 0.37533027751786524, 0.5448951067758185, 0.6935199226610738, 0.8154931568489171, 0.9061274463528878, 0.9619397662556434, 0.9807852804032304, 0.9619397662556434, 0.9061274463528878, 0.8154931568489172, 0.6935199226610738, 0.5448951067758185, 0.37533027751786535, 0.19134171618254522, 1.2011155542966555e-16, 0.0, 0.19509032201612825, 0.3826834323650898, 0.5555702330196022, 0.7071067811865476, 0.8314696123025452, 0.9238795325112867, 0.9807852804032304, 1.0, 0.9807852804032304, 0.9238795325112867, 0.8314696123025453, 0.7071067811865476, 0.5555702330196022, 0.3826834323650899, 0.1950903220161286, 1.2246467991473532e-16, 0.0, 0.19134171618254486, 0.37533027751786524, 0.5448951067758185, 0.6935199226610738, 0.8154931568489171, 0.9061274463528878, 0.9619397662556434, 0.9807852804032304, 0.9619397662556434, 0.9061274463528878, 0.8154931568489172, 0.6935199226610738, 0.5448951067758185, 0.37533027751786535, 0.19134171618254522, 1.2011155542966555e-16, 0.0, 0.18023995550173696, 0.3535533905932738, 0.5132799671593367, 0.6532814824381883, 0.7681777567114163, 0.8535533905932737, 0.9061274463528878, 0.9238795325112867, 0.9061274463528878, 0.8535533905932737, 0.7681777567114164, 0.6532814824381883, 0.5132799671593367, 0.35355339059327384, 0.1802399555017373, 1.1314261122877003e-16, 0.0, 0.16221167441072887, 0.3181896451432085, 0.4619397662556434, 0.5879378012096794, 0.691341716182545, 0.7681777567114164, 0.8154931568489172, 0.8314696123025453, 0.8154931568489172, 0.7681777567114164, 0.691341716182545, 0.5879378012096794, 0.4619397662556434, 0.31818964514320863, 0.16221167441072917, 1.0182565992946029e-16, 0.0, 0.1379496896414715, 0.2705980500730985, 0.39284747919355106, 0.5000000000000001, 0.5879378012096794, 0.6532814824381883, 0.6935199226610738, 0.7071067811865476, 0.6935199226610738, 0.6532814824381883, 0.5879378012096794, 0.5000000000000001, 0.39284747919355106, 0.2705980500730986, 0.13794968964147175, 8.659560562354934e-17, 0.0, 0.1083863756623696, 0.2126075236918141, 0.3086582838174551, 0.39284747919355106, 0.4619397662556433, 0.5132799671593367, 0.5448951067758185, 0.5555702330196022, 0.5448951067758185, 0.5132799671593367, 0.4619397662556434, 0.39284747919355106, 0.3086582838174551, 0.21260752369181415, 0.10838637566236979, 6.80377307569005e-17, 0.0, 0.07465783405034263, 0.1464466094067263, 0.21260752369181415, 0.2705980500730986, 0.3181896451432086, 0.35355339059327384, 0.37533027751786535, 0.3826834323650899, 0.37533027751786535, 0.35355339059327384, 0.31818964514320863, 0.2705980500730986, 0.21260752369181415, 0.14644660940672632, 0.07465783405034276, 4.6865204053263e-17, 0.0, 0.038060233744356686, 0.07465783405034274, 0.10838637566236979, 0.13794968964147175, 0.16221167441072917, 0.1802399555017373, 0.19134171618254522, 0.1950903220161286, 0.19134171618254522, 0.1802399555017373, 0.16221167441072917, 0.13794968964147175, 0.10838637566236979, 0.07465783405034276, 0.038060233744356756, 2.389167384016783e-17, 0.0, 2.3891673840167787e-17, 4.6865204053262986e-17, 6.80377307569005e-17, 8.659560562354934e-17, 1.0182565992946028e-16, 1.1314261122877003e-16, 1.2011155542966555e-16, 1.2246467991473532e-16, 1.2011155542966555e-16, 1.1314261122877003e-16, 1.0182565992946029e-16, 8.659560562354934e-17, 6.80377307569005e-17, 4.6865204053263e-17, 2.389167384016783e-17, 1.4997597826618576e-32]
> L2Error = 0.007355120927260682